Kp= 6.0449  
Ki= 413.7806
Kd= 0.1782